DARTS/elevationData.txt
ncols        1440
nrows        720
xllcorner    -180.000000000000
yllcorner    -90.000000000000
cellsize     0.250000000000
[rows 304 to 379 of 720, columns 768 to 863 of 1440]
0 5 0 0 0 0 10 0 0 0 0 0 0 0 0 0 0 0 0 0 0 0 0 0 0 4 0 0 0 0 0 3 3 2 0 0 4 0 5 5 6 6 0 0 5 0 8 9 0 0 0 8 7 0 0 0 0 0 0 0 0 0 5 4 0 0 0 4 0 0 5 0 0 0 0 0 0 0 0 0 3 0 0 3 3 3 0 0 0 6 5 5 5 4 5 0
0 5 0 0 5 0 0 6 0 5 5 0 0 0 0 0 0 0 0 0 0 0 0 4 4 0 0 0 0 0 4 0 3 0 4 0 4 0 6 6 7 5 0 5 5 0 0 0 0 7 0 0 0 0 0 0 0 0 0 0 0 0 0 0 0 0 5 0 0 0 5 0 0 0 0 0 0 0 0 3 0 0 0 0 4 4 0 5 0 0 4 0 4 4 0 7
0 0 0 0 0 0 0 0 8 0 0 0 5 4 4 4 0 0 0 0 0 0 0 0 5 0 0 0 0 4 4 4 3 0 4 5 0 5 7 6 7 6 6 0 6 0 5 6 9 13 9 0 0 0 0 0 0 0 0 0 0 0 0 0 5 5 5 5 6 0 0 0 0 0 0 0 0 0 0 0 0 0 0 3 3 5 4 0 0 0 0 4 6 0 6 6
4 4 5 0 0 5 0 0 5 0 0 11 0 5 4 4 0 4 4 6 0 0 5 4 0 5 4 4 4 0 4 3 4 0 6 0 5 0 5 6 6 7 0 5 6 0 0 0 12 0 0 0 6 0 0 0 0 0 5 0 0 0 0 0 0 5 5 0 6 6 6 0 5 5 0 0 0 0 0 0 0 7 4 0 0 4 5 0 6 5 0 5 0 6 7 8
5 5 5 5 5 0 5 5 6 0 5 0 5 0 4 4 4 4 4 5 5 0 5 5 0 4 0 4 5 6 0 0 3 4 0 5 0 5 0 6 9 7 5 5 5 0 6 0 13 0 0 0 0 0 0 0 5 5 5 0 0 5 0 0 5 5 6 0 0 6 6 5 4 0 0 0 0 0 0 0 0 4 4 0 5 4 5 5 6 5 4 5 6 0 8 0
0 5 5 5 5 0 0 6 6 5 5 5 0 5 0 4 4 5 5 6 5 7 7 6 5 5 4 5 7 5 0 0 5 0 4 0 7 0 6 6 7 6 5 10 8 0 11 8 0 7 9 0 0 0 0 0 0 5 0 0 0 0 0 0 5 0 0 0 0 5 5 5 5 5 5 5 0 5 5 0 0 5 5 0 0 5 0 0 5 6 0 6 7 8 0 0
0 0 5 5 5 5 5 0 6 6 0 0 5 5 5 5 6 5 5 5 0 6 6 6 5 5 6 0 6 0 0 0 0 7 6 0 6 6 6 6 7 0 6 0 6 0 0 8 0 0 0 6 5 0 0 5 0 0 5 4 4 5 4 4 5 5 5 5 5 6 5 5 5 6 6 5 5 5 5 5 5 4 4 5 4 0 5 0 4 5 7 7 8 8 0 7
0 5 0 5 5 5 6 5 6 6 5 6 0 5 0 5 0 0 0 0 5 7 6 7 5 0 0 0 0 6 6 0 6 7 7 7 7 7 8 8 0 6 5 5 6 0 9 6 5 0 0 0 0 5 0 5 5 0 5 0 0 0 5 0 5 6 6 6 5 6 5 5 0 5 6 0 13 6 6 6 6 5 6 4 4 5 6 5 5 0 7 0 8 8 9 0
0 6 0 5 5 5 0 6 5 0 6 6 5 0 5 6 5 0 6 6 0 6 0 0 6 7 8 0 7 0 9 6 6 0 8 7 7 7 7 7 0 7 6 5 0 5 0 6 0 0 0 6 0 5 5 5 0 5 4 5 0 5 0 5 5 0 5 0 6 6 6 5 6 0 6 6 9 11 6 6 5 6 5 4 0 6 6 0 0 0 0 0 0 9 11 0
6 0 6 6 0 7 0 7 5 6 0 9 0 6 6 6 0 6 6 0 7 6 7 0 7 0 8 9 0 0 6 0 6 0 7 7 8 0 0 0 0 8 0 6 6 5 0 6 0 6 0 5 5 5 0 5 0 0 5 5 0 5 5 0 0 0 0 6 6 7 6 6 7 9 0 6 6 7 6 6 6 0 0 0 0 0 6 6 0 0 0 8 8 11 0 13
0 7 7 7 0 0 0 0 0 6 0 0 0 7 0 6 6 6 0 0 7 0 0 7 7 10 7 8 7 0 0 8 8 7 8 0 0 0 8 0 0 0 7 7 0 5 0 0 5 5 0 7 5 7 0 0 0 0 0 0 5 5 5 6 5 6 7 0 7 8 0 7 6 8 0 7 0 0 0 6 6 6 0 6 7 6 6 8 9 0 6 9 0 0 0 13
7 0 7 7 9 8 0 0 0 7 0 0 0 0 6 7 6 6 7 0 6 0 0 9 7 7 9 9 7 10 9 9 8 0 9 9 8 7 9 8 0 7 0 0 0 6 0 0 5 5 5 6 6 6 0 5 5 0 6 6 5 0 5 5 6 6 6 6 7 7 8 7 7 8 9 6 6 7 7 0 7 0 0 7 0 0 8 0 7 7 8 0 0 0 0 15
8 0 7 7 7 8 8 0 7 6 6 6 0 0 6 7 6 6 6 0 6 6 0 0 0 9 8 0 0 0 0 8 8 6 0 0 0 0 9 8 8 0 0 7 7 7 7 0 0 5 5 0 6 0 0 5 0 0 6 7 6 5 0 6 6 6 7 7 7 7 8 6 9 0 7 6 6 6 0 7 6 6 5 0 0 8 0 8 9 9 0 0 12 14 13 12
9 7 7 6 6 0 10 8 7 0 0 9 6 6 6 0 0 0 6 6 0 0 0 7 0 0 8 8 7 9 8 0 9 9 0 9 0 7 9 0 6 7 7 7 0 8 0 7 0 6 6 5 6 6 7 0 7 7 7 7 7 8 6 8 6 7 8 0 8 8 8 7 8 8 7 6 7 7 7 0 6 0 0 8 0 8 9 0 9 0 0 14 0 13 15 15
0 0 0 8 8 8 11 7 7 7 7 6 0 6 6 0 0 6 6 0 7 8 0 0 9 0 0 0 9 7 8 0 7 9 8 0 0 7 10 7 0 0 0 7 7 7 0 0 7 0 0 7 0 7 7 0 0 0 0 0 9 0 7 0 8 8 7 9 0 0 0 0 0 8 8 7 7 0 0 6 6 0 6 6 7 7 8 8 9 0 0 0 0 0 11 15
0 0 7 7 0 10 10 7 7 6 0 0 6 6 8 0 0 6 0 0 0 0 0 0 8 9 9 9 9 0 10 0 8 10 10 0 9 0 8 9 0 0 7 0 9 9 0 0 0 0 0 0 9 9 0 0 0 8 7 0 0 8 8 0 0 8 9 9 8 9 8 0 7 0 8 8 7 8 7 0 8 6 0 0 0 7 0 7 10 12 15 0 16 11 14 14
0 8 0 10 0 0 8 0 8 6 0 6 0 6 7 0 0 0 7 6 6 0 0 10 0 10 9 9 0 0 0 0 8 9 0 10 10 0 0 0 0 0 0 0 0 0 0 0 10 9 8 0 9 9 10 9 8 7 8 7 0 7 8 0 8 9 9 0 8 10 0 0 6 0 0 8 8 7 0 6 0 7 7 0 8 0 0 8 0 0 9 12 0 23 14 14
7 8 8 0 7 9 8 6 6 7 8 7 7 0 0 7 0 7 6 0 0 9 0 9 9 9 0 8 0 0 10 0 9 9 9 10 11 9 0 10 0 10 0 12 10 0 0 9 0 0 10 0 0 0 0 0 0 9 0 0 9 8 0 0 0 0 9 8 9 0 7 0 5 6 0 8 0 0 9 7 7 0 0 0 0 0 0 9 10 0 0 8 0 11 11 0
7 0 7 0 0 6 7 6 8 0 8 7 0 11 8 7 0 8 0 0 0 0 0 0 11 8 0 0 9 9 0 10 0 9 0 0 0 10 10 10 0 10 0 0 0 0 0 0 9 9 0 0 0 0 0 9 10 10 10 9 9 8 8 9 0 7 0 7 8 0 0 0 0 10 0 0 0 8 0 7 8 0 0 0 7 7 0 8 0 11 11 10 0 24 0 15
8 10 8 8 0 0 8 7 7 0 0 10 0 9 0 8 7 0 0 0 11 0 10 0 0 0 10 10 10 8 10 9 0 9 9 0 11 11 10 0 0 0 0 12 0 0 0 0 0 10 0 0 11 12 0 10 0 9 10 10 9 8 7 7 8 7 0 7 0 0 6 6 0 7 0 7 0 8 0 7 0 6 0 8 8 7 7 7 0 15 0 16 0 0 12 23
7 0 11 9 0 9 9 0 0 8 0 0 0 9 7 0 8 8 0 0 7 0 0 8 0 9 9 0 8 8 9 10 10 9 0 11 10 12 0 0 10 9 0 0 16 0 0 10 0 0 0 0 11 0 0 0 9 0 0 0 8 0 0 0 9 8 10 0 8 6 6 0 0 5 8 0 0 0 8 8 0 0 8 8 7 7 0 0 13 19 25 15 17 15 12 12
9 0 0 12 0 9 11 0 10 10 0 9 10 8 0 0 0 0 0 8 0 0 0 11 0 0 0 9 12 12 13 13 0 10 13 0 0 0 0 13 11 0 0 12 0 10 0 0 0 14 11 0 0 11 11 0 9 10 8 9 0 9 8 0 8 7 0 10 0 0 7 0 7 0 5 0 0 0 0 8 6 0 0 0 0 7 0 0 11 0 17 11 13 0 13 20
8 0 9 0 0 12 14 11 14 0 10 0 0 0 0 0 0 0 0 0 0 0 0 0 13 12 12 11 11 10 10 12 10 0 0 15 0 17 18 14 17 17 16 14 0 12 0 0 0 0 11 14 13 13 14 12 11 10 10 0 14 11 0 9 6 7 0 7 0 0 0 6 5 0 0 6 0 7 0 8 6 5 0 0 0 0 0 10 0 0 11 10 10 0 19 30
11 11 11 0 13 15 13 10 11 0 13 0 0 0 0 0 13 0 9 0 0 12 11 13 13 13 0 10 9 13 14 15 10 13 15 19 18 13 16 16 0 13 14 14 11 11 0 9 11 0 0 12 0 0 11 10 12 11 0 0 0 0 0 7 0 7 7 7 0 0 0 6 5 0 8 6 0 9 0 0 6 7 7 6 0 0 8 0 0 0 11 15 20 28 22 31
14 13 0 0 0 0 11 16 0 12 12 0 0 0 0 0 0 11 13 13 16 14 11 12 13 13 12 13 10 13 12 16 11 13 12 20 19 13 16 13 0 15 15 15 15 0 0 12 0 0 0 0 0 11 9 12 11 0 10 12 10 10 10 12 8 0 0 8 0 0 0 0 7 0 0 0 0 0 7 8 8 0 0 0 0 0 7 8 11 0 16 30 31 30 22 31
19 11 15 13 16 17 0 12 11 15 12 16 17 16 0 18 13 10 10 10 13 12 12 13 12 14 17 14 14 11 16 11 11 15 12 10 17 14 13 19 15 17 17 17 16 0 0 0 0 0 0 10 10 10 0 0 13 10 0 9 10 12 17 0 11 0 0 0 0 0 0 0 0 5 0 0 0 0 0 6 0 0 0 8 0 0 7 9 0 10 18 20 25 33 21 13
18 0 0 13 12 14 12 12 17 0 14 14 15 15 18 15 17 0 0 13 16 14 13 13 15 11 18 14 13 18 19 18 12 12 15 15 14 0 18 17 16 17 16 17 17 0 0 12 0 0 0 0 0 0 0 12 12 0 8 0 0 11 13 12 0 0 0 0 0 0 0 0 0 0 0 0 0 0 0 6 0 0 8 8 0 0 0 0 0 9 0 16 18 27 34 25
18 14 12 15 15 15 0 0 11 0 0 13 11 14 14 14 17 0 14 16 14 18 16 13 15 17 19 17 0 13 20 17 18 17 16 18 18 18 11 17 17 19 18 17 15 15 0 0 0 0 0 10 0 12 11 0 12 0 0 9 9 11 12 12 0 0 0 9 0 0 0 8 8 9 0 0 0 0 9 7 0 0 8 0 8 6 0 0 0 0 16 14 15 22 18 10
13 15 17 0 12 15 12 0 0 17 14 0 12 14 13 15 15 17 12 17 15 11 9 15 15 16 17 21 19 17 25 19 19 17 19 19 14 17 19 18 17 16 19 18 17 17 13 12 0 0 13 0 0 13 11 12 12 0 0 0 9 8 11 0 11 0 0 10 8 8 6 7 0 7 0 0 10 0 0 7 0 0 0 8 0 0 8 9 0 0 0 30 18 24 32 10
10 15 16 13 15 16 13 13 14 13 12 10 0 19 11 24 17 9 15 15 17 10 14 13 16 13 16 20 17 22 15 16 18 19 17 23 22 15 20 0 23 17 16 17 20 16 14 0 0 0 14 14 17 0 0 15 0 11 10 0 0 0 0 0 0 0 0 9 9 9 0 0 0 8 7 9 9 0 8 0 8 0 0 0 8 0 8 7 0 9 11 0 31 0 12 17
15 13 15 15 11 16 18 15 15 15 14 14 19 13 12 18 15 13 14 14 15 15 14 16 14 20 14 18 20 23 20 20 20 18 15 12 11 15 15 19 14 16 18 19 18 16 16 0 0 0 12 15 15 15 14 14 17 12 10 10 11 9 0 8 9 9 0 11 9 8 0 10 0 0 0 9 11 0 9 0 0 0 0 0 0 0 8 7 9 10 11 0 0 8 12 22
15 13 15 18 15 13 16 17 14 13 16 16 18 14 16 11 14 16 16 13 16 16 18 20 17 21 20 19 0 20 18 19 19 16 15 15 15 15 15 15 17 18 18 18 17 11 14 13 0 16 11 15 14 15 13 15 0 15 14 13 0 0 11 8 10 9 0 10 9 11 11 11 0 0 0 9 7 0 0 0 0 8 6 7 0 0 6 9 8 11 10 0 9 19 12 0
18 18 18 29 30 18 19 15 26 15 14 14 14 0 13 16 16 17 16 16 16 16 18 16 19 18 18 16 18 16 17 19 17 23 16 13 13 10 11 23 22 22 23 22 19 0 22 20 18 18 16 16 14 16 0 15 16 17 18 12 13 0 8 9 9 10 9 9 10 9 0 9 9 0 12 10 0 0 0 0 8 7 0 7 0 6 6 6 8 9 0 0 6 12 9 0
24 16 15 29 32 26 13 14 14 15 16 14 13 24 26 17 16 14 13 12 15 15 17 18 19 18 22 16 27 31 17 19 14 15 12 13 10 0 0 0 0 14 15 14 15 23 30 31 22 23 27 0 14 15 14 19 14 19 21 15 18 17 16 10 11 10 11 10 11 8 13 9 9 10 9 9 9 8 7 8 0 0 7 0 6 6 0 0 7 5 6 7 0 9 0 7
27 0 31 25 32 31 28 15 15 15 13 14 16 16 18 17 14 21 16 15 10 16 21 16 16 18 13 15 16 17 0 11 16 14 14 14 0 0 16 18 0 17 27 24 25 30 22 20 0 20 16 15 17 11 12 17 14 20 23 22 17 19 17 14 14 11 12 11 13 15 12 11 11 9 0 0 10 12 0 0 0 6 0 6 0 0 0 0 0 0 5 6 0 0 8 0
25 30 28 31 32 35 30 32 12 12 16 14 16 17 18 19 17 16 16 19 14 13 14 15 16 14 17 19 14 15 17 0 17 12 15 15 13 16 16 13 0 21 29 31 24 17 16 21 17 13 19 18 13 11 16 0 16 0 19 16 16 17 17 16 19 19 0 15 16 11 14 15 13 13 12 12 12 10 0 10 0 0 7 6 6 0 6 0 0 9 4 0 5 0 0 9
0 26 32 22 0 16 31 16 27 0 16 14 0 16 18 0 17 19 15 16 17 14 15 18 16 18 15 18 17 13 17 15 13 17 19 17 0 14 21 14 17 31 26 24 25 30 24 24 23 25 16 21 10 24 0 18 15 15 21 16 16 17 18 17 17 19 16 18 18 19 17 15 15 13 0 12 0 0 0 0 7 0 0 6 0 7 6 5 4 4 4 0 7 0 9 0
26 17 25 35 37 38 36 0 0 14 14 18 21 17 24 18 14 18 0 21 16 15 13 14 11 13 14 0 16 13 17 31 20 9 0 16 0 16 0 0 28 24 27 25 22 19 30 22 16 23 19 19 29 31 22 19 13 16 15 17 19 19 17 14 18 15 16 13 14 15 16 15 14 16 14 12 12 9 8 8 0 0 0 0 11 0 6 6 5 0 4 0 6 7 0 0
18 35 35 31 37 36 30 19 38 33 0 19 0 18 16 15 34 16 18 31 24 15 27 20 32 0 18 33 12 15 0 19 0 17 0 16 0 15 19 29 34 19 31 17 34 25 27 32 20 0 25 23 28 21 30 18 0 11 17 16 17 15 19 25 18 15 21 16 16 9 10 13 13 17 13 13 13 0 9 13 13 0 0 0 9 0 0 0 5 7 0 0 0 0 0 0
37 35 37 37 28 38 33 37 40 41 38 18 19 35 20 30 21 37 36 36 35 20 29 16 33 34 28 14 13 16 0 18 15 18 18 37 35 39 34 34 18 13 19 31 32 31 30 31 27 27 24 27 26 29 17 0 15 16 13 14 15 16 0 21 19 15 13 19 17 8 8 10 13 14 0 9 9 9 9 0 12 0 17 0 9 8 0 9 7 7 0 0 0 0 12 0
36 24 39 38 37 37 37 41 39 37 37 39 41 34 31 39 41 35 39 38 38 36 36 26 34 37 0 19 13 0 13 18 22 17 16 19 33 39 36 37 23 22 18 22 0 24 26 24 31 30 24 31 27 25 20 29 16 16 0 16 16 0 0 15 16 16 20 15 0 0 11 13 14 11 0 10 11 0 11 9 0 8 0 26 0 7 8 7 0 4 0 0 0 0 0 0
37 36 37 39 36 37 37 38 39 41 40 38 37 37 42 41 40 42 39 39 39 38 40 40 37 35 23 17 13 13 18 20 19 20 30 36 37 36 37 36 31 32 34 36 35 35 32 33 30 32 30 29 29 28 27 27 24 15 18 16 18 31 13 0 18 29 15 15 15 15 22 17 14 18 14 12 0 9 10 10 0 0 7 0 0 0 0 8 10 12 0 0 0 0 0 0
36 38 39 37 34 32 35 37 37 39 37 36 39 38 38 37 37 39 38 40 39 39 39 39 36 35 0 19 13 19 14 19 37 14 35 25 32 39 38 36 35 32 38 36 34 35 33 31 33 33 31 30 30 29 31 31 29 30 17 16 14 35 32 29 16 27 27 0 12 17 14 14 0 15 14 11 11 0 0 0 0 10 9 0 0 9 8 10 6 8 10 15 0 0 0 0
40 35 36 28 36 37 38 37 40 37 36 38 41 35 40 39 39 37 39 35 42 38 40 37 38 36 32 18 27 39 17 29 39 26 22 39 25 24 40 41 40 32 40 36 35 35 30 34 28 33 36 33 31 31 33 31 31 31 32 34 30 36 33 26 28 24 21 17 29 31 11 14 18 9 8 10 10 8 17 0 0 10 0 10 0 0 0 0 0 0 8 12 11 0 0 0
37 39 32 37 27 36 36 35 39 38 37 38 29 39 40 40 33 39 37 41 36 41 32 35 35 36 36 30 20 15 24 26 33 25 18 34 38 23 23 40 35 39 30 34 34 38 35 35 25 34 20 35 33 32 27 25 31 31 33 34 36 33 34 26 27 21 19 29 30 31 15 18 15 8 13 11 11 11 11 0 10 0 10 0 0 9 0 10 8 9 8 11 0 0 0 0
37 31 19 35 36 36 35 39 40 34 38 40 42 41 42 43 40 41 37 39 35 37 37 35 24 32 36 39 40 29 37 30 37 34 36 36 40 38 39 38 34 28 20 37 29 29 33 38 33 31 33 31 33 33 32 33 35 33 34 34 32 32 29 32 30 29 30 29 29 27 33 32 21 13 12 13 0 0 11 0 0 0 7 0 11 9 0 9 0 8 0 8 0 0 0 0
38 34 38 35 25 37 36 35 34 34 36 36 36 35 37 41 40 39 37 35 34 35 33 27 21 31 28 27 27 31 32 37 26 28 27 39 21 39 35 29 18 20 25 27 28 33 36 34 32 33 34 32 31 33 34 34 33 33 33 35 33 32 28 32 33 34 34 32 32 33 37 36 0 25 0 10 17 0 12 0 12 10 10 7 8 0 10 0 0 8 9 13 10 0 0 0
31 35 30 35 36 35 34 32 37 37 39 38 37 27 36 38 35 39 34 36 35 35 31 29 36 30 27 27 27 27 32 27 27 39 29 24 25 22 0 25 0 22 23 31 35 36 38 37 38 34 36 34 34 28 32 34 31 30 33 34 29 33 33 31 32 33 34 33 34 34 36 36 34 32 15 18 11 0 16 11 0 8 10 8 11 0 0 0 9 8 0 7 0 8 0 0
33 34 36 32 34 33 35 34 36 36 38 36 40 35 25 37 38 39 37 34 31 30 29 30 29 25 26 27 27 25 26 25 27 22 30 29 28 28 35 38 36 35 23 25 23 25 24 38 35 33 33 33 33 33 33 33 29 31 30 32 37 35 36 33 32 33 34 32 34 34 37 34 35 11 13 0 0 0 29 0 10 8 14 0 7 7 0 0 0 7 0 0 0 0 8 8
34 36 33 33 33 28 32 31 32 34 37 36 30 34 36 35 37 34 36 30 32 27 30 29 28 26 26 26 22 21 31 38 32 31 35 34 36 28 36 28 34 35 31 36 36 32 27 25 35 34 33 34 36 33 34 30 30 31 32 34 35 35 35 36 34 33 33 34 33 33 31 17 0 11 0 0 0 9 13 0 7 0 10 8 10 8 8 0 0 9 0 0 0 10 0 5
33 33 32 30 31 34 31 29 28 29 36 37 30 35 34 36 35 37 37 27 29 29 27 26 31 26 28 26 23 24 28 29 30 29 38 37 36 38 28 36 34 35 31 35 35 33 31 34 29 26 32 35 33 31 32 32 32 32 32 36 36 37 34 0 35 34 35 34 34 35 35 33 17 0 0 16 35 9 14 10 0 8 8 8 10 0 0 6 7 22 22 9 12 0 10 0
33 33 34 33 29 34 32 34 33 32 35 33 38 37 34 31 36 34 38 27 31 33 25 0 26 24 23 31 28 29 30 32 27 33 36 34 36 36 36 41 23 31 36 36 37 33 31 25 31 34 34 34 32 31 31 32 29 30 43 40 35 36 36 34 34 34 34 33 33 31 35 34 13 0 0 16 18 14 9 0 13 12 0 10 10 11 13 7 10 18 19 11 10 33 12 0
38 38 30 29 34 35 36 34 33 33 35 39 31 39 34 37 36 30 34 28 0 27 25 28 25 26 26 28 33 30 32 35 34 31 34 32 31 35 38 38 34 34 33 31 31 36 25 30 33 33 33 33 33 31 33 33 28 34 40 44 40 36 36 33 34 32 31 32 33 34 35 20 11 0 13 16 15 16 12 10 12 19 11 10 12 11 10 9 9 23 22 10 11 10 0 0
39 38 37 34 30 34 35 36 34 36 35 15 37 37 33 31 36 27 25 26 29 0 19 0 26 17 34 27 34 36 31 36 36 33 35 37 36 33 35 37 39 36 29 30 33 33 30 29 26 31 24 34 33 29 31 33 31 33 38 36 37 35 34 34 33 31 35 34 34 25 20 32 29 34 18 17 16 16 11 15 12 17 11 17 10 10 9 0 10 10 12 10 9 9 0 9
18 38 36 36 35 35 36 36 33 33 32 28 37 18 33 20 26 25 31 26 29 20 21 25 21 23 28 27 29 28 33 41 30 29 34 34 32 34 34 35 39 33 32 28 32 33 31 32 28 32 24 32 17 22 29 31 31 33 36 33 32 31 33 34 35 34 36 35 36 16 13 23 14 0 19 11 17 12 14 10 17 12 7 11 35 0 11 0 12 9 0 12 11 9 19 0
29 41 40 38 37 33 35 35 36 35 35 32 19 18 19 30 26 30 28 28 30 27 26 26 27 22 28 31 34 31 34 32 33 35 34 35 34 26 35 41 28 30 34 32 34 31 31 32 22 30 29 31 35 32 25 29 31 32 34 31 31 31 31 30 33 33 34 35 35 14 14 34 19 9 12 0 11 9 7 8 18 14 0 27 0 0 0 0 10 9 12 15 26 14 16 12
38 36 42 37 36 35 35 36 35 33 33 37 37 39 23 23 30 23 26 29 14 25 24 21 19 23 32 26 30 29 23 31 31 30 32 29 33 32 34 32 35 35 31 32 32 32 30 30 27 30 30 30 30 28 29 32 33 32 35 33 32 33 34 33 34 33 33 35 28 20 16 0 12 0 0 11 9 9 12 11 0 0 0 0 0 0 0 0 0 11 0 12 0 20 14 14
21 38 40 36 38 33 40 37 37 0 32 24 38 27 34 27 31 29 26 26 25 19 23 25 24 30 27 32 29 25 29 31 33 28 31 32 33 37 36 33 32 33 28 28 29 30 30 30 25 28 31 30 27 29 25 33 23 33 33 33 32 32 32 32 34 36 35 32 21 18 0 21 0 15 10 11 10 10 13 14 0 29 0 0 0 0 0 0 0 0 9 0 0 0 16 16
32 36 42 35 33 40 38 36 32 0 22 0 18 14 24 18 32 24 29 28 26 14 20 23 0 30 33 30 27 25 22 33 32 34 35 30 32 32 34 33 35 32 31 32 32 33 31 40 29 26 28 24 29 30 30 33 29 33 29 32 32 32 33 33 35 36 36 33 17 17 13 13 13 0 0 0 11 12 0 0 0 0 0 0 0 0 0 0 10 12 0 13 0 0 23 13
39 41 41 39 33 35 35 35 0 0 0 13 18 17 35 0 0 28 17 32 10 0 32 27 0 29 30 35 32 31 30 24 32 31 32 31 33 33 34 33 33 30 30 29 23 30 34 33 30 31 28 30 31 32 35 32 32 32 32 32 32 33 32 34 35 36 35 33 22 34 19 0 13 12 13 8 11 0 28 0 0 0 0 0 0 0 0 0 0 11 13 12 11 9 18 16
41 37 38 38 36 34 37 27 0 0 12 13 16 0 29 0 0 32 21 28 0 14 32 31 28 31 29 32 29 34 27 31 31 32 34 31 34 34 33 33 33 31 32 30 28 29 31 32 31 31 29 30 31 31 28 33 34 33 33 33 31 32 31 35 38 35 35 23 21 17 27 12 13 11 11 0 10 0 0 0 0 0 0 0 0 0 0 0 8 11 0 16 10 11 10 10
40 39 38 37 35 33 36 0 0 0 0 19 0 16 22 28 0 15 0 17 33 35 34 22 30 31 22 30 30 29 35 29 34 31 33 33 33 32 32 33 31 19 30 26 31 30 29 31 29 32 31 32 35 35 35 35 32 32 33 33 35 34 32 31 38 38 36 20 25 10 15 15 12 11 10 14 14 11 13 0 0 0 0 0 0 0 0 10 10 12 14 0 12 9 0 8
34 39 39 35 37 30 16 36 0 10 0 0 12 37 0 16 15 24 0 31 31 32 34 16 28 0 15 25 30 31 32 32 33 33 32 31 34 32 32 32 29 30 29 30 31 29 31 32 31 32 35 34 35 27 34 38 32 28 35 32 33 36 34 30 38 37 34 21 0 29 20 14 14 12 0 12 15 15 14 0 0 0 0 0 0 0 0 10 15 0 10 10 10 15 12 9
27 32 36 37 40 41 38 23 0 0 0 10 0 14 12 0 27 0 20 23 31 32 17 25 25 24 20 25 29 33 32 30 32 33 33 32 33 32 33 34 29 32 23 30 29 30 30 33 33 34 33 33 36 36 33 35 33 32 32 35 34 38 39 37 41 36 34 21 0 29 15 13 10 12 10 10 0 11 12 0 0 0 0 0 9 8 0 10 10 11 8 11 0 10 0 19
31 34 33 31 32 29 38 0 0 10 21 0 0 0 23 16 0 14 14 30 30 29 26 27 32 0 31 25 16 22 30 34 35 33 33 34 33 32 32 33 33 33 35 35 30 30 32 35 33 31 33 34 34 33 34 32 35 34 33 33 33 36 35 36 41 35 20 0 21 15 13 12 0 16 12 0 12 0 12 0 0 0 0 0 16 0 8 7 10 10 12 11 10 8 15 8
24 23 29 32 33 33 35 0 0 0 23 0 0 0 35 14 0 33 32 23 30 21 16 12 24 27 32 28 20 26 29 35 34 33 34 33 34 33 32 34 31 33 36 32 26 28 31 33 33 25 34 34 33 34 35 28 28 32 32 32 32 32 38 39 38 36 25 0 17 27 12 15 0 11 0 10 8 14 0 20 9 0 0 0 7 0 6 8 9 0 0 8 12 0 0 0
18 27 22 23 23 26 20 31 14 0 0 0 0 0 26 0 12 22 35 17 27 13 17 23 15 29 27 30 31 27 33 33 38 33 34 34 34 32 33 33 31 31 33 31 31 32 34 31 36 35 33 34 34 33 34 35 22 32 33 35 33 30 35 35 37 36 15 20 19 27 12 12 11 10 11 16 9 0 9 0 10 11 0 6 7 9 6 8 0 10 0 10 0 0 0 0
28 26 22 28 25 19 32 29 20 0 0 0 0 12 23 12 13 17 14 12 21 12 23 19 16 17 30 33 32 31 33 34 33 34 32 32 33 33 33 33 33 30 32 31 32 32 25 32 33 22 34 33 21 17 34 21 28 32 31 31 32 34 34 30 37 34 25 14 0 28 11 11 14 12 0 0 15 8 0 9 12 9 8 7 8 7 8 0 0 11 0 11 0 0 13 0
17 16 18 30 21 25 29 24 34 0 0 11 0 15 14 0 13 0 12 16 0 29 17 16 20 21 17 32 31 31 33 33 35 34 34 34 34 33 33 21 32 33 31 30 31 31 30 37 33 17 33 31 22 17 22 17 36 33 31 31 31 34 35 36 36 25 25 26 10 13 14 11 11 17 11 17 9 13 9 8 8 11 7 7 12 7 7 8 9 10 12 0 0 0 0 27
0 0 17 28 29 28 24 22 22 0 16 0 10 23 11 0 22 30 13 14 12 15 17 16 18 13 16 27 27 26 29 27 30 31 33 33 34 33 33 36 28 32 31 32 18 29 23 25 21 24 24 20 14 28 19 31 24 33 32 33 28 35 36 32 26 34 33 23 29 9 13 12 14 11 16 10 10 14 0 0 11 9 0 0 9 7 6 6 0 0 0 0 0 0 7 0
22 0 0 34 27 26 29 24 24 0 18 13 0 17 0 0 14 24 12 21 11 20 13 12 16 14 0 31 31 32 30 32 29 31 32 32 32 34 32 31 29 34 32 27 27 33 20 14 11 22 31 20 15 13 12 17 34 33 17 32 24 29 36 36 34 33 19 26 24 0 16 11 11 8 10 10 12 17 16 15 6 10 8 7 7 7 0 0 0 0 0 0 0 0 0 0
21 0 20 0 0 16 26 18 0 0 0 0 10 0 0 0 0 0 15 18 16 17 13 14 14 14 15 24 15 18 32 30 31 27 33 32 23 32 13 29 33 35 34 33 33 15 23 17 17 24 17 14 18 15 23 32 31 27 32 33 31 31 37 35 36 33 0 21 12 0 13 13 17 11 0 21 16 11 11 15 12 7 8 7 0 0 0 0 0 0 0 0 9 0 20 0
18 30 18 0 12 0 12 13 0 0 13 0 0 12 0 0 0 0 28 15 0 18 24 10 9 18 21 16 18 31 18 0 31 18 25 23 32 32 22 16 0 36 34 22 35 23 31 32 25 13 14 17 15 17 16 30 13 19 24 26 29 21 15 31 14 26 0 14 13 0 20 12 0 13 14 14 15 11 12 13 11 0 7 0 7 0 0 0 0 0 0 7 0 17 7 7
17 22 29 0 0 0 12 12 15 0 0 0 14 0 13 11 0 13 12 18 20 19 18 18 17 19 18 16 19 19 25 27 24 22 22 21 31 32 16 32 32 33 23 34 31 30 32 31 20 21 20 11 17 24 22 28 23 0 11 19 22 14 13 22 15 12 13 15 17 0 0 0 9 12 11 14 16 0 12 14 13 10 9 6 9 7 0 0 0 0 7 0 0 9 8 7
11 0 17 26 26 0 10 0 0 10 0 18 14 0 17 9 0 12 13 21 18 13 27 25 18 17 18 17 16 15 17 30 31 30 24 31 34 21 29 32 32 32 21 26 33 32 29 30 31 20 18 22 12 16 21 21 14 18 19 31 19 12 31 13 13 0 10 19 21 0 0 12 0 10 9 10 14 0 12 0 11 11 12 12 8 0 0 0 9 7 0 0 0 0 8 7
18 16 14 0 17 21 0 0 10 20 13 0 0 0 15 0 0 0 20 21 18 12 18 12 21 17 18 16 21 17 17 30 31 32 31 32 0 18 25 30 19 35 22 33 32 21 24 30 32 13 17 12 13 15 19 13 10 10 12 11 11 11 14 32 18 19 30 15 26 0 0 11 13 14 13 0 12 13 11 0 11 0 0 11 7 9 7 0 0 8 0 9 0 0 0 7
