DARTS/elevationData.txt
ncols        1440
nrows        720
xllcorner    -180.000000000000
yllcorner    -90.000000000000
cellsize     0.250000000000
[rows 152 to 227 of 720, columns 288 to 383 of 1440]
6 5 6 7 11 0 6 6 7 0 0 0 8 6 0 0 0 11 11 12 10 8 0 11 0 0 20 19 17 21 17 16 0 19 18 12 10 14 13 11 14 16 13 0 0 11 10 9 12 11 14 10 10 13 15 17 16 12 12 14 16 12 0 13 12 15 0 12 9 9 12 15 12 9 11 10 12 0 10 0 11 8 8 8 9 8 9 6 6 7 13 7 7 9 6 11
6 7 0 7 0 8 8 0 7 6 14 0 0 0 8 10 0 10 0 0 17 10 0 0 0 18 14 19 18 17 16 26 12 15 14 0 0 14 12 12 14 12 11 18 11 0 10 14 11 12 15 15 16 0 0 14 18 14 13 13 12 13 12 14 15 11 12 13 10 12 13 12 10 12 16 14 13 0 13 10 11 9 6 8 9 19 8 7 7 7 7 10 8 7 8 7
6 0 5 0 7 0 6 7 5 0 7 6 0 0 9 15 10 0 17 13 9 0 9 11 10 11 0 15 17 14 9 14 0 11 14 0 0 12 15 21 13 16 21 20 0 17 0 12 14 14 0 20 22 19 13 12 11 12 12 15 0 11 0 0 12 14 14 14 12 11 14 17 17 11 12 11 17 12 9 8 9 9 12 10 8 8 9 7 7 7 7 6 8 6 15 8
0 7 0 0 5 10 7 5 0 6 0 6 0 8 7 7 0 0 8 9 9 8 8 0 14 9 16 12 9 8 8 0 17 0 13 17 0 14 14 15 14 12 16 13 0 0 17 14 14 13 14 16 15 14 11 17 14 13 16 15 17 17 16 15 15 0 0 10 12 0 0 0 12 11 11 11 9 12 11 8 10 13 9 9 7 8 0 8 7 13 9 6 9 7 8 0
5 5 5 7 0 7 5 6 5 5 6 7 9 6 0 6 8 9 12 9 8 0 9 0 8 0 10 15 16 0 17 16 19 12 12 16 13 13 16 17 12 11 15 14 0 0 0 20 16 14 15 16 0 14 12 18 14 14 14 15 16 14 0 16 14 15 15 11 13 11 12 0 12 19 12 12 11 11 12 12 0 11 9 10 7 7 10 13 7 8 6 9 10 10 0 7
6 0 5 6 6 6 0 0 0 5 0 0 6 0 11 6 0 9 7 7 0 12 0 0 0 9 10 10 11 10 13 13 16 20 10 14 0 0 0 0 15 21 16 0 0 0 0 19 15 14 15 0 15 17 0 17 14 13 18 15 15 0 17 17 13 14 14 12 11 15 14 8 13 10 13 11 12 12 10 0 13 9 8 11 14 16 9 13 11 11 8 6 12 10 7 14
5 0 8 0 0 6 5 5 5 5 0 0 0 7 7 7 8 0 0 10 0 7 8 9 8 7 12 8 8 0 0 0 10 0 10 0 10 13 0 0 0 0 16 0 12 0 10 20 13 14 0 16 0 17 13 14 16 0 18 17 18 0 16 0 0 15 12 16 15 13 15 15 15 15 10 0 8 12 0 14 14 13 14 0 9 9 10 10 14 6 0 12 12 12 16 11
0 5 0 0 0 0 6 0 0 0 0 6 0 0 0 0 0 8 7 8 8 0 8 0 0 0 0 12 11 0 8 8 11 8 13 10 13 12 11 0 0 10 0 11 11 12 12 14 0 15 15 15 13 0 12 16 16 16 14 17 14 17 15 0 14 16 14 15 14 0 13 16 10 20 19 0 16 0 0 16 13 0 13 11 0 15 12 12 15 10 14 12 8 11 14 15
0 6 6 0 6 6 5 0 0 5 5 0 5 6 0 7 0 8 6 9 7 11 17 0 7 8 0 0 8 7 10 10 0 21 12 13 0 12 14 9 0 0 10 11 0 11 12 19 13 13 15 16 15 0 14 18 16 16 16 15 13 18 15 17 16 16 12 0 13 17 10 14 15 12 16 16 0 10 0 0 18 17 12 13 14 9 13 14 9 10 13 12 18 12 0 12
0 0 0 6 0 6 6 0 0 6 6 0 0 6 6 0 0 0 6 0 7 0 6 0 9 8 10 0 6 12 0 0 7 0 12 0 0 9 13 12 0 0 11 10 0 11 0 13 14 17 13 0 16 15 18 15 0 18 19 0 0 14 11 20 0 12 18 15 12 17 0 0 15 15 16 10 15 0 0 12 14 13 14 19 14 9 13 0 20 16 15 9 10 14 9 13
5 0 0 6 0 0 5 5 0 0 0 0 0 6 0 6 0 6 6 6 6 0 7 7 8 0 9 0 0 7 0 0 0 0 0 8 9 0 10 0 0 11 11 0 17 0 13 16 17 13 15 18 0 15 14 0 15 0 16 12 17 16 17 19 0 12 16 18 14 15 16 14 14 13 18 15 16 13 19 17 15 12 17 16 10 13 11 10 14 15 19 17 10 12 17 13
0 5 0 5 6 5 5 8 0 0 0 6 6 5 5 0 5 6 5 7 0 0 0 0 0 0 0 9 7 6 16 16 0 0 0 8 8 0 18 0 11 0 12 0 12 13 13 13 15 11 15 0 0 0 0 0 16 0 19 17 17 17 16 0 0 17 16 16 12 13 13 10 15 16 14 17 16 21 20 17 19 17 17 20 14 18 12 23 13 15 11 14 12 17 17 18
5 5 0 5 6 0 0 0 0 6 0 6 6 6 0 0 0 0 0 7 0 0 0 0 0 9 6 8 8 0 14 15 13 16 0 0 8 9 7 20 11 10 9 11 12 16 12 12 11 13 12 12 21 0 12 16 18 0 17 0 17 0 18 19 17 17 17 17 13 14 12 13 18 16 16 14 18 22 22 0 19 19 18 20 19 16 21 21 19 17 0 15 20 18 0 15
6 0 5 6 6 0 5 7 5 5 0 6 0 0 5 5 5 0 5 0 7 0 7 0 6 0 0 10 0 9 0 0 8 0 9 0 0 8 0 7 0 10 12 10 13 16 0 11 11 0 13 13 16 11 0 13 13 15 0 0 14 0 12 18 19 17 19 20 17 18 18 17 18 18 18 17 17 21 0 0 0 0 0 0 0 0 0 25 17 19 12 18 0 19 16 13
0 0 6 0 7 6 6 0 6 6 6 0 0 0 7 5 6 5 6 5 0 6 0 0 0 6 0 0 0 7 9 10 0 6 0 7 0 8 0 9 8 0 11 15 0 9 10 0 16 0 13 10 14 15 14 18 15 16 16 19 20 16 19 21 17 0 16 12 20 22 16 23 22 0 0 0 0 0 0 0 0 0 0 0 0 0 0 23 20 20 16 15 16 17 17 18
0 0 6 0 0 8 0 6 6 0 0 5 5 7 8 0 6 0 0 0 0 7 8 0 6 8 7 6 7 0 7 0 8 0 0 0 13 0 13 10 8 11 0 0 13 11 10 14 0 0 15 11 0 0 16 15 18 15 20 0 17 16 21 17 18 22 17 18 0 23 17 0 16 19 26 0 0 0 0 0 0 0 0 0 0 0 0 0 21 20 18 13 14 0 19 17
6 6 7 0 0 0 0 0 0 0 7 0 0 0 6 7 0 9 6 0 0 0 0 6 7 0 0 0 7 7 0 8 6 5 0 6 0 9 0 10 0 9 10 0 13 11 0 9 11 9 16 11 19 15 16 18 18 19 17 14 15 17 12 19 13 13 20 19 18 16 18 19 0 0 0 22 0 0 0 0 0 0 0 0 0 0 0 0 0 0 0 0 0 18 20 18
0 0 8 0 0 6 0 0 8 9 0 0 0 6 7 7 0 6 10 0 0 0 0 0 0 0 0 6 6 0 6 7 0 0 0 6 0 6 0 11 9 0 12 0 9 10 0 0 0 0 0 0 12 16 20 16 18 23 17 16 16 13 16 13 13 17 17 18 21 0 0 0 0 0 0 0 0 0 0 0 0 0 0 0 0 0 0 0 0 0 0 0 0 20 23 18
0 13 0 5 5 5 0 7 6 6 0 11 10 8 8 0 8 9 7 7 0 11 6 6 7 0 0 5 5 5 5 0 7 7 0 7 6 0 0 0 0 0 10 0 0 12 11 0 10 16 0 16 20 11 22 17 17 16 14 16 16 17 16 0 17 15 15 0 0 0 0 0 0 0 0 0 0 0 22 23 0 0 0 0 0 0 0 0 0 0 0 0 0 0 23 0
0 0 6 5 6 5 5 6 7 8 0 0 9 0 8 8 6 7 0 0 0 7 7 6 8 0 8 6 7 6 0 5 0 0 10 0 6 7 7 9 0 9 0 0 14 12 0 0 9 21 9 21 0 24 0 20 16 20 0 15 14 13 13 0 17 17 0 0 0 0 20 0 0 0 0 0 0 23 23 0 0 0 0 0 0 0 0 0 0 0 0 0 0 23 25 20
7 6 7 6 0 0 5 5 8 0 0 0 0 8 9 6 8 0 8 0 0 0 7 0 7 7 6 7 6 0 0 0 7 0 0 0 0 7 0 0 7 10 10 11 0 12 8 8 21 0 18 10 0 19 16 16 18 17 16 18 14 12 13 16 20 0 0 0 0 0 0 0 0 0 0 23 26 22 0 0 0 0 0 0 0 0 0 0 0 0 0 0 0 0 25 23
0 0 0 0 0 0 5 6 0 0 7 8 0 6 7 0 0 0 7 5 6 6 7 7 8 6 5 0 7 9 8 0 0 0 0 8 6 10 0 7 9 7 0 10 0 11 12 0 0 0 13 15 13 17 0 0 20 16 15 16 16 14 0 22 20 23 20 19 23 0 0 0 22 21 24 27 26 25 21 22 0 20 0 0 0 0 0 0 22 16 20 14 0 0 24 21
0 8 0 0 5 0 5 7 10 0 0 0 8 0 0 7 8 6 0 6 5 0 6 7 0 0 7 6 6 0 6 6 0 10 8 0 0 0 0 0 7 0 10 10 10 13 0 0 0 11 11 0 9 0 0 0 0 15 17 16 13 18 20 22 21 16 24 19 19 19 16 21 20 20 23 18 21 19 21 22 18 19 23 20 22 21 22 20 26 21 18 16 25 20 11 0
0 8 0 17 8 0 0 0 6 7 9 7 9 0 0 7 5 0 0 0 0 7 0 0 6 7 6 0 7 7 0 0 0 7 7 6 0 0 7 7 8 11 0 9 8 11 10 13 11 0 9 9 12 19 19 12 18 0 17 17 16 16 21 20 21 20 25 22 22 16 22 21 0 17 17 19 22 20 21 19 17 24 21 22 23 26 17 18 28 29 20 20 16 20 0 20
10 0 0 11 16 0 8 8 0 18 9 0 6 8 0 0 0 0 7 0 8 0 5 7 0 0 6 6 5 0 0 5 7 6 0 0 0 0 0 0 0 0 7 0 0 8 10 8 0 10 9 10 13 13 9 12 10 13 0 15 18 0 20 20 17 20 23 20 20 22 0 14 0 18 17 21 22 18 22 16 23 22 24 0 17 22 18 0 0 0 0 0 0 0 0 0
7 7 0 8 0 12 0 0 15 9 6 0 6 6 0 0 5 6 0 0 6 5 6 6 0 0 6 7 8 0 0 7 0 6 6 6 7 6 0 0 0 0 0 8 0 10 0 9 8 8 0 11 0 12 14 0 10 0 0 17 0 17 20 25 21 0 21 18 18 19 20 19 20 20 13 18 19 19 22 21 22 20 23 0 0 0 0 0 0 24 0 23 0 19 24 0
0 8 8 0 10 0 18 14 0 0 0 0 11 0 8 0 5 6 6 7 5 0 0 5 7 5 0 8 7 11 5 7 7 0 0 0 0 0 0 10 0 7 0 0 0 0 0 0 11 0 9 16 0 0 12 18 0 0 16 0 0 0 16 16 14 14 20 0 0 19 23 17 20 21 14 17 23 25 24 0 23 18 0 0 0 0 0 0 0 0 0 17 19 21 22 15
19 0 0 0 8 0 7 8 0 0 0 0 7 0 7 5 0 5 0 6 0 6 0 7 7 0 0 0 7 8 0 0 0 0 0 7 7 7 7 0 0 0 9 0 0 7 7 9 0 0 0 0 0 10 0 15 12 15 13 0 18 12 11 13 0 0 19 16 16 17 15 16 0 17 21 14 25 16 15 10 14 0 0 0 0 0 0 0 0 23 0 20 22 20 23 24
16 21 7 0 0 0 9 8 16 0 7 10 7 0 13 7 5 0 6 0 0 0 0 0 0 7 0 0 5 0 0 0 6 0 0 7 0 0 0 7 6 7 0 6 0 0 7 0 0 0 13 10 8 0 12 8 17 0 14 0 15 16 12 0 0 17 0 13 0 13 10 11 17 16 18 20 23 24 21 15 22 0 0 0 0 0 0 0 24 0 15 0 19 26 0 24
0 21 17 0 0 8 9 7 10 0 0 10 0 0 18 0 8 0 6 6 5 0 7 0 7 7 7 0 5 0 0 0 0 0 7 6 0 8 0 0 7 0 0 0 7 7 0 0 9 10 12 9 8 11 12 12 14 0 16 0 8 0 11 20 11 23 12 0 24 16 13 11 16 18 19 17 0 11 0 13 0 11 0 0 0 0 0 23 17 19 0 14 24 16 16 15
0 10 22 22 22 0 0 0 0 0 8 8 0 17 0 24 21 16 9 0 6 0 8 0 7 0 0 7 7 0 0 0 6 7 0 0 0 8 7 0 0 7 0 0 7 0 0 0 9 9 0 0 7 14 10 10 0 0 20 10 14 0 0 0 20 19 24 0 14 22 17 19 15 13 0 0 20 19 12 10 11 17 0 0 0 0 0 15 19 23 15 20 19 19 16 14
0 0 14 19 20 0 6 0 9 0 0 7 7 0 13 19 28 23 22 0 9 0 0 0 0 0 7 0 0 0 0 0 0 0 8 9 7 0 7 7 0 0 0 9 0 8 0 7 11 0 10 8 8 10 12 0 16 11 8 9 9 13 10 0 0 21 22 17 20 17 19 18 11 0 19 17 0 0 0 10 0 12 0 0 0 0 23 22 25 21 0 0 16 26 19 13
0 0 8 14 13 7 7 0 4 5 6 7 6 6 9 9 0 20 16 6 0 6 0 0 6 6 6 0 0 7 7 0 7 7 10 0 0 0 7 0 0 0 0 0 0 6 9 7 11 0 8 0 10 0 10 15 10 10 0 9 10 12 14 9 19 23 21 23 23 17 16 22 19 15 17 0 11 12 0 21 0 0 0 0 0 0 0 24 23 18 0 22 22 18 18 22
0 0 0 10 8 0 5 0 7 7 5 8 0 0 6 0 16 23 0 9 0 0 0 0 8 8 0 0 0 0 0 8 7 7 0 0 0 0 6 6 7 0 9 7 0 7 0 8 11 9 0 11 11 0 0 10 0 11 11 11 0 0 0 0 12 0 22 22 0 21 17 14 18 14 12 10 0 0 12 0 11 0 0 0 0 0 12 21 24 22 20 0 16 23 22 14
0 0 9 0 0 0 0 0 6 6 6 6 6 7 6 6 0 13 7 0 6 0 0 0 14 0 0 7 8 0 7 8 0 0 0 0 8 7 7 0 0 10 0 12 9 7 0 0 7 0 6 0 8 8 10 12 9 9 0 11 0 14 0 12 19 21 17 25 0 15 18 18 10 17 10 13 0 11 10 14 0 0 0 0 0 0 22 20 0 16 0 16 19 0 14 14
0 0 0 0 0 0 8 7 8 0 6 6 6 0 7 10 0 7 7 0 0 0 0 0 0 0 0 0 7 0 0 7 0 7 0 7 6 0 8 0 0 8 8 8 0 0 0 0 10 7 0 7 7 0 8 0 10 9 14 9 12 9 0 13 0 0 8 13 0 17 0 17 23 0 12 0 0 0 15 16 0 0 0 0 0 0 0 21 14 18 21 23 0 0 0 12
0 0 0 0 0 0 10 7 8 0 0 0 0 7 0 7 0 9 6 0 7 0 0 0 7 7 0 7 0 0 0 0 7 7 9 0 0 0 9 0 0 8 0 8 9 0 0 0 7 7 13 0 0 8 0 11 9 0 14 0 9 10 12 9 12 0 8 18 0 14 9 0 17 11 0 11 14 0 12 14 0 0 0 0 0 0 0 15 0 0 18 0 14 0 19 0
0 0 0 0 0 0 0 20 10 6 6 0 8 8 0 8 0 0 17 22 0 0 0 0 0 6 6 7 7 0 8 0 0 0 7 0 11 7 0 8 11 0 0 0 10 0 7 0 0 9 0 8 0 0 0 0 9 9 9 7 0 10 14 0 16 17 0 17 19 0 0 0 13 0 13 15 10 0 10 15 15 0 0 0 0 0 0 19 24 18 15 0 16 0 17 17
0 0 0 0 0 0 0 0 16 22 21 0 0 12 0 0 6 0 0 8 0 0 6 0 7 9 10 0 7 0 0 7 0 0 7 7 7 0 0 0 0 0 7 7 0 7 0 0 11 0 0 7 9 11 0 7 9 0 8 12 8 0 12 9 0 0 20 9 0 13 13 0 0 11 12 11 11 10 12 15 15 0 0 0 0 0 0 0 20 19 0 21 13 12 0 17
0 0 0 0 10 16 10 0 9 9 15 7 8 0 8 6 6 0 0 6 0 0 11 6 0 6 6 0 8 7 11 0 0 7 6 7 6 0 0 7 7 0 0 8 0 0 0 10 0 0 0 7 0 0 0 7 0 13 12 0 13 0 0 0 14 7 18 9 21 0 0 23 0 10 0 0 0 14 16 0 0 0 0 0 0 0 0 14 21 17 0 18 0 12 22 0
0 0 0 0 0 0 0 0 7 0 0 8 7 0 0 0 0 7 0 0 5 0 7 8 6 0 6 7 8 0 18 0 7 0 8 7 7 0 0 8 0 0 7 0 0 0 10 11 16 0 0 6 0 13 12 0 13 11 0 10 9 0 11 0 8 0 0 0 11 9 0 0 0 0 15 10 0 0 14 15 0 0 0 0 0 0 14 0 14 0 11 11 15 17 0 15
0 0 0 0 0 9 0 0 0 8 0 0 0 8 7 7 0 7 6 7 0 0 6 6 7 0 0 0 0 9 0 0 0 0 9 7 0 0 0 0 9 0 9 7 8 8 7 0 0 0 7 0 0 6 0 0 10 11 0 16 8 7 13 11 14 10 0 0 9 0 0 12 11 0 15 0 0 16 13 12 0 10 15 17 21 12 19 16 0 0 0 0 17 14 0 0
0 0 0 0 8 10 19 0 8 9 0 0 0 8 0 8 8 0 0 0 8 10 9 0 6 8 0 0 0 0 0 7 7 0 0 0 0 0 8 7 0 8 7 11 8 0 9 8 0 0 7 8 8 0 0 0 10 16 0 13 15 9 10 10 0 0 0 0 0 0 0 11 15 0 14 0 0 20 12 0 8 9 0 10 14 0 21 15 0 16 13 15 0 12 0 12
0 0 0 20 19 23 17 22 8 13 0 7 6 8 8 0 11 0 6 7 5 8 5 5 0 8 0 7 0 0 0 8 6 0 0 0 0 0 6 6 0 7 8 7 11 11 0 9 0 8 8 9 0 8 0 0 9 9 12 15 13 0 0 11 9 9 9 0 11 0 0 0 11 0 0 13 0 13 15 10 8 16 0 13 0 0 0 0 15 0 13 0 12 0 17 0
8 0 19 25 17 21 0 20 22 22 9 8 7 0 0 8 6 5 0 5 0 0 5 10 5 7 8 0 0 0 13 0 6 0 0 0 0 0 0 0 0 0 5 6 0 10 0 0 9 0 0 0 0 8 8 8 9 0 0 9 21 11 14 10 16 16 0 18 0 0 14 0 0 0 0 13 13 0 0 11 11 8 12 0 11 13 13 0 16 0 16 15 0 0 0 0
8 0 11 19 22 0 9 0 23 23 21 7 0 6 8 9 0 5 6 7 7 0 9 0 0 0 10 0 0 0 7 8 0 6 7 0 0 0 0 0 6 7 6 0 0 0 11 0 0 15 9 0 0 10 0 0 0 15 0 17 0 11 0 11 10 11 9 19 0 10 11 0 16 0 13 0 0 14 13 11 11 13 14 0 15 0 0 0 19 0 0 0 0 0 11 16
0 0 0 10 17 20 19 20 22 25 21 9 9 8 6 6 9 5 9 0 4 5 7 6 5 9 0 7 0 6 0 7 7 7 6 0 0 6 0 7 0 0 0 9 0 0 0 10 14 16 10 8 9 10 12 12 8 11 0 11 0 13 12 0 14 0 13 9 17 10 16 11 21 0 13 0 11 12 14 15 0 0 16 21 18 0 0 0 0 0 0 14 0 0 0 0
16 19 18 19 13 21 0 0 19 0 11 12 9 9 0 6 6 0 5 9 4 0 5 5 6 0 8 7 0 0 7 0 7 8 6 0 7 0 0 8 7 0 8 0 0 11 11 10 10 13 13 13 0 9 13 11 0 11 10 10 12 22 15 0 19 15 14 0 0 0 16 13 16 0 0 0 0 18 17 17 14 0 0 0 0 0 0 0 0 0 12 0 0 0 13 11
18 20 20 19 11 19 20 21 22 23 17 11 13 0 0 0 7 0 11 0 7 5 4 5 6 8 12 0 0 0 7 6 7 0 0 7 0 0 0 0 0 0 12 0 0 11 10 9 0 9 0 0 0 0 0 10 9 14 0 0 11 19 11 17 22 0 0 11 18 19 20 0 0 12 0 0 0 12 12 12 0 0 0 0 0 17 0 20 0 0 0 13 0 0 0 0
12 16 18 11 0 21 19 21 22 19 23 9 0 9 11 11 0 13 11 11 0 0 4 5 8 0 7 0 8 0 0 7 0 8 7 0 7 8 8 0 0 10 10 0 10 10 9 0 0 11 12 15 12 14 0 11 14 21 0 12 16 11 15 14 11 19 0 17 0 0 17 12 13 12 17 11 0 11 14 13 0 11 0 0 0 0 17 0 0 0 0 0 16 24 0 0
20 19 20 14 19 19 21 0 0 23 25 24 8 0 0 10 12 0 10 7 0 10 9 0 9 8 9 8 0 0 6 0 7 7 7 0 0 0 0 0 0 0 0 0 0 0 10 7 11 17 11 15 0 0 0 0 10 14 16 18 13 0 12 0 21 0 12 22 22 22 0 22 0 0 11 20 0 17 0 0 0 0 0 17 0 0 32 30 0 0 0 0 0 0 0 17
22 18 23 22 17 25 20 21 10 0 0 22 22 20 0 9 9 0 0 11 13 0 0 0 10 8 0 0 0 8 6 7 0 0 0 9 6 9 9 10 10 9 0 0 17 12 0 12 12 0 0 0 0 17 14 13 12 0 12 11 0 15 18 15 0 14 0 15 22 19 16 12 23 16 0 0 12 0 0 18 0 14 0 0 0 22 23 30 0 0 21 24 16 13 24 17
0 19 21 17 19 20 24 17 0 0 19 21 25 8 0 9 8 9 9 0 11 4 12 5 0 7 10 8 0 7 0 0 7 0 0 0 0 0 0 0 8 10 10 0 10 0 10 0 11 12 0 16 0 0 0 12 12 11 17 21 0 0 12 15 0 17 16 22 13 0 0 15 21 18 10 0 15 0 0 0 0 16 0 0 0 31 23 26 0 16 17 18 18 0 14 0
0 0 19 22 0 22 26 11 14 15 0 19 23 6 0 11 0 0 7 0 6 0 12 5 9 0 0 8 0 6 5 6 7 8 0 0 8 0 8 0 0 9 0 9 9 10 0 11 10 0 0 0 16 11 12 11 0 13 12 14 17 12 0 17 0 20 20 22 23 0 0 18 11 0 0 11 0 16 12 11 0 0 0 0 0 25 0 20 0 25 0 0 21 21 0 17
0 20 0 0 0 0 0 23 26 0 0 0 0 0 7 7 0 0 8 9 7 6 0 6 6 10 0 8 0 8 8 7 0 8 8 8 9 9 9 0 0 9 0 8 0 10 12 0 10 12 14 12 12 15 0 14 0 16 12 0 21 0 15 15 16 19 0 19 18 21 0 17 18 0 0 0 20 14 12 0 0 17 0 0 0 28 27 23 17 22 18 0 27 20 20 29
12 20 21 18 19 21 0 0 0 24 15 17 9 0 0 9 0 0 0 0 0 11 9 8 0 9 7 0 9 9 7 0 0 11 8 0 0 0 9 9 9 9 9 8 10 10 8 0 0 12 0 12 21 0 0 0 13 23 20 20 26 18 20 21 19 19 17 22 28 26 29 21 16 15 0 0 17 0 15 17 0 0 18 0 20 0 29 23 0 18 0 0 0 0 0 0
19 0 0 19 21 14 16 9 0 15 0 21 12 8 0 0 0 0 9 0 0 0 8 13 0 0 0 0 0 0 0 0 0 8 0 0 9 0 10 9 10 10 0 10 8 7 9 0 10 11 0 12 0 15 0 13 17 20 21 20 25 18 18 23 23 16 19 21 24 20 17 21 0 0 13 18 18 15 14 23 0 14 0 15 17 19 24 0 21 28 0 19 18 14 26 23
23 17 22 22 0 22 0 13 0 0 22 13 0 0 7 0 0 8 8 0 0 0 0 8 11 10 9 10 0 9 8 0 8 0 10 9 9 0 0 10 0 0 0 0 9 0 0 0 11 0 0 0 0 0 15 17 15 15 14 21 17 17 25 0 15 16 26 26 24 26 26 27 18 0 18 27 20 28 28 0 21 0 0 0 0 27 0 0 0 25 0 18 26 0 19 32
0 20 26 23 20 16 20 0 10 0 19 22 0 16 0 0 0 7 0 9 9 11 0 6 8 0 8 8 9 0 8 0 0 0 0 0 8 7 8 0 9 10 11 10 9 9 8 14 13 0 12 11 16 12 13 0 14 14 0 19 11 28 21 0 0 27 27 25 0 26 26 23 21 17 28 12 24 14 16 20 20 0 0 23 25 26 22 23 30 0 14 25 26 0 19 34
7 14 14 14 0 23 20 0 0 0 19 0 14 11 15 7 7 0 0 0 7 6 5 7 10 0 7 0 6 0 7 0 0 8 0 7 0 9 0 0 10 10 10 0 10 10 0 15 12 0 12 17 12 0 13 0 0 17 15 20 19 22 21 21 23 26 27 27 27 28 27 20 19 17 0 0 16 19 19 19 18 0 27 22 24 0 18 0 0 30 0 19 24 14 33 16
0 8 10 14 0 20 17 16 0 0 18 16 17 20 0 0 0 8 0 0 0 6 8 0 0 8 9 0 7 0 7 0 0 0 7 8 7 0 0 0 10 9 0 0 0 0 10 0 15 12 0 0 0 14 20 21 0 19 19 0 23 16 17 20 15 17 27 28 25 26 26 17 0 14 14 0 24 23 18 27 17 18 24 14 20 15 23 16 0 27 30 0 30 32 30 24
0 8 10 0 19 8 18 22 0 14 23 19 18 0 6 7 8 0 0 0 0 6 8 6 6 6 8 0 0 9 0 0 8 8 9 9 9 0 0 0 0 0 10 14 0 0 0 13 12 14 14 0 0 15 18 0 19 27 21 21 24 19 24 20 17 20 19 26 26 17 0 12 12 0 0 0 18 21 0 21 26 0 0 0 15 0 21 22 28 28 0 17 34 30 18 0
0 0 8 7 14 15 20 12 8 0 22 22 0 0 9 7 7 10 9 8 11 7 7 14 7 8 0 8 0 0 10 0 7 0 9 9 7 0 0 0 8 0 0 10 10 0 10 0 0 0 0 19 22 14 21 24 0 15 17 22 21 21 19 18 26 23 21 0 21 10 0 0 0 13 26 14 22 25 22 28 27 23 20 22 0 28 16 0 26 29 0 30 20 27 32 28
0 0 0 9 19 17 18 0 9 28 26 11 6 0 0 7 0 0 7 0 0 0 0 11 10 0 7 7 0 8 8 0 7 0 10 7 0 7 9 0 0 0 13 9 0 0 11 12 0 17 12 25 22 19 26 22 22 19 28 21 16 25 26 18 0 21 21 11 0 11 0 14 15 0 15 0 0 19 20 26 29 0 20 28 24 0 0 16 21 0 29 19 30 28 28 28
0 0 0 0 0 23 19 0 14 19 17 6 5 5 0 10 0 8 8 9 0 8 0 7 5 8 0 0 0 6 0 7 8 8 9 8 9 9 0 0 0 0 13 0 0 12 0 20 0 0 14 18 18 16 19 28 20 21 26 26 26 20 26 0 26 23 15 11 10 0 11 20 0 19 0 17 0 22 17 27 28 27 29 33 0 0 0 27 18 0 28 0 26 21 21 0
0 0 0 0 0 0 0 10 11 18 19 6 6 8 0 8 0 8 6 7 0 0 0 9 0 7 0 7 8 0 0 10 10 7 8 9 0 0 13 0 0 10 0 13 11 14 0 13 0 12 0 0 17 19 25 17 0 27 29 28 27 27 23 21 23 24 0 0 0 0 12 16 24 0 0 0 15 20 27 21 25 27 21 0 19 19 0 0 0 22 23 18 19 23 17 21
0 18 10 0 0 0 0 9 0 11 0 0 7 6 0 0 9 0 0 6 0 0 8 0 10 0 8 0 7 7 6 8 8 7 0 9 0 0 12 9 0 10 15 14 0 13 10 0 16 0 0 0 19 13 11 15 13 21 20 16 15 23 16 15 24 18 14 0 12 11 0 0 0 20 0 21 22 21 23 26 27 25 18 23 27 15 25 27 18 23 26 26 18 22 28 29
0 0 0 0 0 10 7 6 5 5 5 0 6 0 7 7 8 8 7 7 0 11 0 9 9 0 9 9 0 8 0 9 0 0 0 0 0 10 9 0 0 10 0 10 0 0 11 15 13 13 15 25 19 18 24 14 21 23 23 22 22 21 17 21 15 0 15 11 0 14 15 24 17 26 20 23 17 22 20 23 24 24 19 23 0 22 17 27 30 21 17 16 17 21 24 26
0 0 0 0 0 0 17 7 6 5 4 6 0 8 0 0 9 7 7 8 0 9 0 0 0 10 0 0 0 0 0 8 8 0 0 6 7 8 9 0 9 0 9 0 0 16 0 21 18 16 19 0 25 16 25 15 26 24 24 23 20 20 21 21 19 0 0 0 0 22 0 24 14 21 19 20 13 12 20 25 23 24 25 17 21 17 22 29 29 19 24 23 22 31 21 29
10 0 0 0 0 7 25 0 0 0 0 6 10 0 0 0 7 9 0 7 12 0 0 11 10 0 9 7 7 0 0 0 9 0 0 0 10 0 9 9 8 0 9 9 10 10 12 0 17 17 0 0 15 26 26 21 24 17 23 20 20 22 17 18 16 12 25 0 0 26 12 0 20 21 17 0 19 15 20 20 28 0 14 0 22 16 30 28 21 20 21 29 21 31 25 34
0 5 9 11 0 0 9 9 6 0 0 0 6 7 6 7 8 6 0 0 0 9 0 0 10 0 8 10 0 5 0 0 7 0 0 0 7 0 0 0 0 7 13 10 11 11 14 0 23 0 17 0 13 23 17 29 26 23 20 19 22 24 20 23 0 12 11 13 0 13 15 13 18 23 22 15 19 0 0 19 21 16 30 13 21 14 23 20 18 29 26 28 0 24 24 25
0 0 6 0 6 0 0 11 7 7 8 0 0 0 7 0 0 8 8 0 0 7 0 0 11 10 0 10 0 7 0 0 0 0 0 0 0 0 9 0 11 0 13 14 14 10 0 0 19 17 19 20 19 23 17 18 17 20 22 15 0 22 22 19 0 19 0 22 23 0 0 23 20 14 17 13 20 16 22 18 20 20 22 21 0 20 16 18 20 16 18 21 0 24 23 0
7 20 0 10 12 0 0 11 0 0 8 0 0 0 7 8 7 6 0 8 7 8 9 7 0 8 0 0 9 0 0 6 0 8 8 0 9 0 0 0 0 11 0 16 12 0 14 0 12 12 0 13 0 18 19 19 12 22 18 25 0 22 26 24 26 12 0 0 14 14 12 15 22 24 22 20 19 0 22 21 24 25 22 22 22 25 29 22 21 28 24 24 28 22 22 24
9 0 13 0 0 0 8 0 0 10 18 0 0 8 0 0 7 0 7 0 8 7 0 6 7 7 7 0 0 0 7 0 0 0 0 6 9 0 10 10 0 0 10 0 0 12 10 12 11 13 13 0 0 20 18 13 0 18 17 25 26 18 23 19 22 21 0 12 0 0 13 0 23 23 25 22 23 15 20 24 24 23 26 26 22 20 20 0 0 0 22 19 22 26 0 24
25 10 0 8 0 0 0 0 22 0 0 0 0 0 0 0 0 9 7 7 0 10 0 0 9 0 0 0 6 8 7 10 8 0 0 9 9 8 8 0 0 0 11 0 0 0 10 0 0 14 14 17 20 19 0 14 20 18 20 20 21 19 19 19 19 20 0 14 0 13 13 0 21 22 23 24 25 18 23 21 23 0 21 25 19 24 17 24 24 22 22 27 22 27 23 0
39 12 0 0 0 14 0 0 17 17 11 7 7 7 0 0 9 10 10 9 0 10 0 0 0 9 0 0 7 11 6 0 0 0 6 0 7 7 10 6 0 0 0 10 11 0 8 0 13 13 17 15 25 14 22 16 25 22 21 22 23 21 21 15 22 13 21 21 0 15 0 23 17 0 21 18 22 24 0 21 22 21 28 23 17 28 25 29 24 20 19 22 23 24 22 0
